,Bankrupt?,ROA(C) before interest and depreciation before interest,ROA(A) before interest and % after tax,ROA(B) before interest and depreciation after tax,Operating Gross Margin,Realized Sales Gross Margin,Operating Profit Rate,Pre-tax net Interest Rate,After-tax net Interest Rate,Non-industry income and expenditure/revenue,Continuous interest rate (after tax),Operating Expense Rate,Research and development expense rate,Cash flow rate,Interest-bearing debt interest rate,Tax rate (A),Net Value Per Share (B),Net Value Per Share (A),Net Value Per Share (C),Persistent EPS in the Last Four Seasons,Cash Flow Per Share,Revenue Per Share (Yuan ¥),Operating Profit Per Share (Yuan ¥),Per Share Net profit before tax (Yuan ¥),Realized Sales Gross Profit Growth Rate,Operating Profit Growth Rate,After-tax Net Profit Growth Rate,Regular Net Profit Growth Rate,Continuous Net Profit Growth Rate,Total Asset Growth Rate,Net Value Growth Rate,Total Asset Return Growth Rate Ratio,Cash Reinvestment %,Current Ratio,Quick Ratio,Interest Expense Ratio,Total debt/Total net worth,Debt ratio %,Net worth/Assets,Long-term fund suitability ratio (A),Borrowing dependency,Contingent liabilities/Net worth,Operating profit/Paid-in capital,Net profit before tax/Paid-in capital,Inventory and accounts receivable/Net value,Total Asset Turnover,Accounts Receivable Turnover,Average Collection Days,Inventory Turnover Rate (times),Fixed Assets Turnover Frequency,Net Worth Turnover Rate (times),Revenue per person,Operating profit per person,Allocation rate per person,Working Capital to Total Assets,Quick Assets/Total Assets,Current Assets/Total Assets,Cash/Total Assets,Quick Assets/Current Liability,Cash/Current Liability,Current Liability to Assets,Operating Funds to Liability,Inventory/Working Capital,Inventory/Current Liability,Current Liabilities/Liability,Working Capital/Equity,Current Liabilities/Equity,Long-term Liability to Current Assets,Retained Earnings to Total Assets,Total income/Total expense,Total expense/Assets,Current Asset Turnover Rate,Quick Asset Turnover Rate,Working capitcal Turnover Rate,Cash Turnover Rate,Cash Flow to Sales,Fixed Assets to Assets,Current Liability to Liability,Current Liability to Equity,Equity to Long-term Liability,Cash Flow to Total Assets,Cash Flow to Liability,CFO to Assets,Cash Flow to Equity,Current Liability to Current Assets,Liability-Assets Flag,Net Income to Total Assets,Total assets to GNP price,No-credit Interval,Gross Profit to Sales,Net Income to Stockholder's Equity,Liability to Equity,Degree of Financial Leverage (DFL),Interest Coverage Ratio (Interest expense to EBIT),Equity to Liability
Bankrupt?,1,-0.260806558,-0.282940585,-0.273051318,-0.100043244,-0.09945,-0.00023,-0.00852,-0.00886,-0.01659,-0.00839,-0.00608,-0.02423,-0.07236,-0.02306,-0.10971,-0.1654,-0.16546,-0.16478,-0.21956,-0.07752,-0.00469,-0.14205,-0.20139,-0.00046,-0.01517,-0.03778,-0.03682,-0.0094,-0.04443,0.065329,-0.01686,-0.05135,-0.00221,0.025058,-0.00268,0.012314,0.250161,-0.25016,0.01692,0.176543,0.070455,-0.14111,-0.20786,0.075278,-0.06792,-0.00475,-0.00656,-0.00138,0.072818,0.021089,0.039718,-0.09284,0.002829,-0.19308,-0.08638,-0.04482,-0.10013,-0.00382,0.077921,0.194494,-0.07708,-0.00191,0.000822,-0.02081,-0.14722,0.153828,0.000778,-0.21778,-0.00714,0.139049,0.011929,0.025814,-0.00289,-0.01804,0.000479,0.066328,-0.02081,0.153828,0.139014,-0.07046,-0.04313,-0.11538,-0.05856,0.171306,0.139212,-0.31546,0.035104,-0.00555,-0.10004,-0.18099,0.166812,0.010508,-0.00551,-0.08305
ROA(C) before interest and depreciation before interest,-0.260806558,1,0.940123708,0.986849497,0.33471944,0.332755,0.035725,0.053419,0.049222,0.020501,0.051328,0.066869,0.106461,0.323482,0.048882,0.250761,0.50558,0.505407,0.505281,0.775006,0.379839,-0.01593,0.687201,0.750564,0.000591,0.036511,0.115083,0.11504,0.025234,0.019635,-0.02193,0.079906,0.296158,0.013196,-0.02634,0.003988,-0.02221,-0.26143,0.261427,0.002967,-0.16167,-0.03573,0.685028,0.753339,-0.10989,0.210622,-0.03395,0.007019,-0.06266,-0.06592,0.022896,-0.01483,0.301996,-0.01254,0.25968,0.181993,0.09882,0.235314,-0.01053,-0.04601,-0.21026,0.388151,-0.00445,0.01333,0.052783,0.103819,-0.14273,0.021508,0.650217,0.02345,-0.29602,0.005716,-0.02728,0.001824,-0.02948,0.011759,-0.00919,0.052783,-0.14273,-0.08653,0.262454,0.159699,0.504311,0.129002,-0.16073,-0.10927,0.88767,-0.07172,0.008135,0.334721,0.274287,-0.14363,-0.01657,0.010573,0.052416
ROA(A) before interest and % after tax,-0.282940585,0.940123708,1,0.955740625,0.326969108,0.324956,0.032053,0.053518,0.049474,0.029649,0.049909,0.075727,0.084334,0.28844,0.050362,0.225897,0.531799,0.53179,0.531821,0.764828,0.326239,-0.01183,0.654253,0.752578,0.003277,0.042208,0.125384,0.125872,0.024887,0.026977,-0.06397,0.081982,0.263615,0.014102,-0.01841,0.00544,-0.01032,-0.25997,0.259972,0.020707,-0.16187,-0.03618,0.651581,0.758234,-0.07859,0.223528,-0.03126,0.009041,-0.0545,-0.13696,0.036925,-0.01489,0.324942,-0.00603,0.303532,0.202017,0.157005,0.217918,-0.00961,-0.03747,-0.1905,0.351107,-3.60E-06,0.004864,0.080401,0.120403,-0.13382,0.022241,0.718013,0.028873,-0.35715,-0.00087,-0.02514,0.004491,-0.02582,0.012198,-0.00586,0.080401,-0.13382,-0.10302,0.263591,0.157065,0.443017,0.112929,-0.19567,-0.15689,0.961552,-0.0989,0.011463,0.326971,0.291744,-0.14104,-0.01152,0.013372,0.057887
ROA(B) before interest and depreciation after tax,-0.273051318,0.986849497,0.955740625,1,0.333748562,0.331755,0.035212,0.053726,0.049952,0.022366,0.052261,0.065602,0.102147,0.32304,0.045839,0.197344,0.502052,0.502,0.501907,0.764597,0.366216,-0.01436,0.659834,0.72294,0.002142,0.036144,0.11713,0.117042,0.024414,0.022104,-0.02613,0.079972,0.292008,0.012975,-0.02423,0.005187,-0.02116,-0.26473,0.264734,0.003869,-0.15862,-0.03418,0.657274,0.726003,-0.1095,0.19481,-0.03377,0.009921,-0.05361,-0.06105,0.012763,-0.01455,0.304522,-0.01277,0.260151,0.166311,0.094083,0.227144,-0.01001,-0.0413,-0.21719,0.387893,-0.00162,0.007302,0.046694,0.101962,-0.14288,0.0183,0.673738,0.024436,-0.32222,-0.00261,-0.02993,0.002488,-0.03041,0.011977,-0.00836,0.046694,-0.14288,-0.08319,0.258428,0.157022,0.497042,0.123622,-0.16257,-0.12068,0.91204,-0.08909,0.007523,0.33375,0.280617,-0.14284,-0.01466,0.011473,0.05643
Operating Gross Margin,-0.100043244,0.33471944,0.326969108,0.333748562,1,0.999518,0.005745,0.032493,0.027175,0.051438,0.02943,-0.20635,-0.01698,0.341188,0.017198,0.06797,0.144661,0.145031,0.145057,0.256722,0.163192,0.117045,0.267944,0.247789,0.014172,0.022867,0.054639,0.05343,0.009121,0.016013,-0.01745,0.026545,0.122676,0.024945,0.001379,-0.00237,-0.02236,-0.24546,0.24546,0.00602,-0.08573,-0.02226,0.267411,0.248104,-0.08672,-0.09966,0.082342,0.02253,0.047665,0.001239,-0.13616,0.019022,0.224976,-0.00695,0.246304,0.15285,0.094782,0.241946,-0.00321,-0.0309,-0.19803,0.246834,-0.03503,0.035218,0.063547,0.06797,-0.08042,0.000522,0.164579,0.043608,0.225479,-0.12127,-0.12971,0.020451,-0.07158,-0.04156,0.003507,0.063547,-0.08042,-0.06881,0.098097,0.114138,0.22699,0.030672,-0.13265,-0.03293,0.300143,0.022672,0.004205,1,0.075304,-0.08543,-0.01181,-0.00117,0.120029
Realized Sales Gross Margin,-0.09944525,0.332755332,0.324955926,0.331755464,0.999518278,1,0.00561,0.032232,0.026851,0.051242,0.029166,-0.20644,-0.01739,0.341433,0.017121,0.067708,0.142887,0.143262,0.143288,0.254753,0.163163,0.117196,0.267021,0.246004,0.014188,0.022778,0.05447,0.053259,0.009117,0.016583,-0.01745,0.026463,0.122787,0.024984,0.001418,-0.00251,-0.02235,-0.24561,0.245606,0.006189,-0.0856,-0.02224,0.266483,0.246256,-0.08676,-0.10014,0.082479,0.022596,0.047079,0.001289,-0.13634,0.01906,0.224458,-0.00726,0.246221,0.152805,0.094838,0.242353,-0.00319,-0.03105,-0.19784,0.246781,-0.03509,0.035478,0.064657,0.067921,-0.08035,0.000178,0.163013,0.04361,0.22617,-0.12132,-0.12975,0.020536,-0.07132,-0.0416,0.003524,0.064657,-0.08035,-0.06876,0.098056,0.11406,0.226912,0.030676,-0.13261,-0.03292,0.298155,0.02275,0.004038,0.999518,0.074891,-0.08541,-0.01127,-0.00116,0.120196
Operating Profit Rate,-0.000229817,0.035724731,0.032053341,0.035212361,0.005744836,0.00561,1,0.916448,0.862191,-0.59201,0.915544,0.013246,0.016387,0.023051,0.002784,0.019936,0.019257,0.019218,0.01924,0.02042,0.014244,-0.04446,0.022397,0.020219,0.000831,0.004952,0.011328,0.011227,0.001318,0.034465,-0.00021,0.003677,0.014955,0.000833,0.000323,0.001156,-0.00151,0.010397,-0.0104,-0.00083,0.001092,0.000247,0.02216,0.020015,0.011993,0.029456,-0.02317,0.001001,0.009576,0.005232,0.016064,-0.02745,0.018248,0.000726,0.025599,0.0261,0.033821,0.010465,0.000365,0.000301,0.01134,0.020308,-0.00103,-0.00175,0.02052,0.0106,0.00186,0.001967,0.02128,0.002047,0.005401,0.008117,0.012696,-0.22957,0.016485,-0.08475,0.000106,0.02052,0.00186,-0.00065,0.020918,0.004669,0.026682,0.014088,-0.07968,-0.00029,0.028482,-0.00334,0.000199,0.005746,0.006216,0.001541,0.000935,0.000393,-0.01707
Pre-tax net Interest Rate,-0.008516548,0.053419418,0.053517782,0.053725531,0.032492729,0.032232,0.916448,1,0.986379,-0.22004,0.993617,0.014247,0.016836,0.02495,0.004031,0.023003,0.033034,0.033015,0.033035,0.033726,0.017617,0.004931,0.026314,0.034046,0.001246,0.003909,0.03515,0.034914,0.003013,0.037633,-0.001,0.005004,0.017801,0.003164,-0.01738,0.00163,-0.00196,-0.00391,0.003906,-0.00191,-0.00465,0.002222,0.026091,0.0339,0.009042,0.029667,0.089576,0.002198,0.00556,0.003581,0.015513,-0.14496,0.020271,0.000685,0.036347,0.030819,0.037156,0.017136,0.000296,-0.0014,0.001632,0.022855,0.010231,-0.01749,0.019009,0.014933,-0.0022,0.002062,0.036236,0.003322,-0.00452,0.008065,0.012206,0.090689,0.015581,0.233675,-4.74E-05,0.019009,-0.0022,-0.00793,0.041845,0.011517,0.031813,0.026245,-0.13858,-0.00316,0.048587,-0.00424,-7.51E-05,0.032494,0.011343,-0.00404,0.000855,0.000984,-0.01456
After-tax net Interest Rate,-0.008857223,0.049221505,0.04947403,0.049952046,0.027175301,0.026851,0.862191,0.986379,1,-0.11521,0.984452,0.013982,0.016521,0.022813,0.003824,0.021164,0.031369,0.031347,0.031367,0.030768,0.01614,0.005594,0.024137,0.030621,0.001226,0.002962,0.031223,0.030964,0.002565,0.037066,-0.00086,0.004379,0.016692,0.002685,-0.01537,0.001612,-0.00138,-0.00617,0.006174,-0.00123,-0.00439,0.002117,0.023942,0.030568,0.008993,0.029504,0.07992,0.002032,0.005957,0.004241,0.015736,-0.14667,0.018334,0.000702,0.040405,0.031453,0.037836,0.017118,0.000343,-0.00083,-0.0028,0.020877,0.009501,-0.01577,0.013732,0.016788,-0.0032,0.002061,0.034573,0.002985,-0.0028,0.008174,0.012368,0.244911,0.015792,0.379952,-2.93E-06,0.013732,-0.0032,-0.00633,0.046314,0.012243,0.029454,0.030022,-0.16645,-0.00275,0.04539,-0.00379,-0.00109,0.027176,0.010648,-0.00439,0.000927,0.000957,-0.0109
Non-industry income and expenditure/revenue,-0.016592638,0.020500611,0.029648763,0.022366188,0.051437781,0.051242,-0.59201,-0.22004,-0.11521,1,-0.2307,-0.0036,-0.00604,-0.00594,0.001332,-0.00227,0.019588,0.019644,0.019632,0.018148,0.000758,0.118316,-0.0016,0.019279,0.000484,-0.0042,0.043179,0.042951,0.002855,-0.00822,-0.0015,0.001115,-0.00061,0.004344,-0.03578,0.000465,-0.00028,-0.03321,0.033214,-0.00181,-0.01204,0.003873,-0.00147,0.019483,-0.01103,-0.01206,0.236897,0.001987,-0.01214,-0.00554,-0.00792,-0.22503,-0.00366,-0.00039,0.0108,-0.00156,-0.00761,0.009002,-0.00029,-0.00356,-0.02436,-0.00348,0.023107,-0.03096,-0.01174,0.004236,-0.00897,-0.00064,0.021105,0.001701,-0.02228,-0.00355,-0.00637,0.74229,-0.00881,0.67723,-0.00035,-0.01174,-0.00897,-0.01438,0.033285,0.011813,-0.00097,0.018515,-0.08487,-0.00565,0.028423,-0.00041,-0.00064,0.051437,0.007693,-0.0119,-0.00056,0.001024,0.012293
Continuous interest rate (after tax),-0.008394859,0.051327938,0.049909386,0.052260532,0.029429816,0.029166,0.915544,0.993617,0.984452,-0.2307,1,0.013168,0.015728,0.02773,0.003654,0.020407,0.030839,0.030835,0.03084,0.032051,0.016343,0.051607,0.024516,0.030487,0.001207,0.002643,0.016584,0.016415,0.001842,0.034962,-0.00035,0.004203,0.0174,0.002887,-0.01686,0.001479,7.51E-05,-0.00119,0.001192,-0.00019,-0.00289,0.002166,0.024295,0.030334,0.008243,0.027711,0.100604,0.002168,0.006203,0.003439,0.014559,-0.06469,0.01858,0.000652,0.035148,0.028547,0.034865,0.016445,0.0003,-0.00111,0.000159,0.02452,0.011909,-0.0054,0.014602,0.014826,-0.00269,0.001882,0.034777,0.003094,-0.00447,0.007518,0.01144,0.110703,0.014596,0.254886,-1.62E-05,0.014602,-0.00269,-0.00309,0.042328,0.014059,0.030653,0.02714,-0.14026,-0.00123,0.0456,-0.00462,-0.00056,0.029431,0.011191,-0.003,0.000774,0.000798,-0.0113
Operating Expense Rate,-0.006083226,0.066869462,0.075727452,0.065602335,-0.206353024,-0.20644,0.013246,0.014247,0.013982,-0.0036,0.013168,1,-0.06039,-0.02015,-0.00601,0.060683,0.090519,0.091263,0.091197,0.080969,0.007253,-0.01584,0.071799,0.081428,-0.00817,0.013374,0.007176,0.009511,-0.00664,0.014168,-0.00846,-0.00386,-0.00302,-0.00746,0.017687,0.024446,-0.01616,0.143833,-0.14383,0.00899,0.023977,0.010618,0.071972,0.082923,0.079747,0.195063,-0.02833,-0.00794,-0.12921,-0.05516,0.165135,-0.01049,0.126869,-0.00923,-0.07672,-0.00469,0.02572,-0.11061,-0.0129,0.024258,0.135256,-0.0424,-0.00802,-0.01145,-0.01365,0.007324,0.035899,0.001729,0.083315,-0.00196,-0.24943,0.170776,0.153936,-0.00333,0.04073,0.003082,-0.00746,-0.01365,0.035899,0.024837,0.00763,-0.00676,-0.00543,0.014722,0.015511,-0.00412,0.071365,-0.02552,0.006497,-0.20635,0.029733,0.034809,0.013577,0.006232,-0.12076
Research and development expense rate,-0.024231968,0.10646056,0.084333711,0.102146833,-0.016976426,-0.01739,0.016387,0.016836,0.016521,-0.00604,0.015728,-0.06039,1,0.030918,0.000656,-0.0192,0.088822,0.0875,0.087063,0.076486,0.052162,-0.01929,0.068738,0.066085,-0.01115,0.012166,0.019958,0.020703,0.007842,0.023189,-0.0103,0.029752,0.042269,-0.00909,-0.0257,-0.01357,-0.01929,-0.04516,0.045162,-0.04701,-0.04553,-0.01245,0.067143,0.069545,-0.04722,0.013498,-0.03451,-0.02847,0.001366,0.016872,-0.02544,-0.01278,-0.04351,-0.02807,0.011881,0.064811,-0.02285,0.013524,-0.01572,-0.04213,-0.04607,0.035521,-0.01552,-0.02369,-0.00712,0.005879,-0.03745,0.008636,0.079153,-0.0083,-0.04944,-0.04646,-0.03464,-0.00291,0.070369,0.003677,-0.00909,-0.00712,-0.03745,-0.01252,0.008293,-0.00877,0.073629,0.008972,-0.0652,-0.00996,0.079169,-0.02017,-0.00684,-0.01697,0.02149,-0.03536,-0.01395,-0.01216,-0.04524
Cash flow rate,-0.072355551,0.323482422,0.288440193,0.323040193,0.341188193,0.341433,0.023051,0.02495,0.022813,-0.00594,0.02773,-0.02015,0.030918,1,0.011986,0.049835,0.158471,0.15852,0.158255,0.197705,0.353883,0.201679,0.191974,0.177008,-0.01707,0.003731,0.019071,0.0183,0.003902,0.055389,-0.00742,-0.00278,0.34466,0.002257,-0.01283,0.000513,0.349639,-0.28501,0.28501,0.038308,-0.07876,-0.00977,0.191723,0.186619,-0.12548,-0.05798,0.005904,0.006638,-0.02014,0.052978,-0.09666,-0.00902,0.131304,-0.00155,0.16152,0.031135,-0.04925,0.228027,-0.00836,-0.02339,-0.27822,0.880562,-0.0068,0.019862,-0.06873,0.022609,-0.08757,0.024446,0.223252,0.026204,-0.08152,-0.00787,-0.05739,0.044478,-0.09389,0.016086,-0.00693,-0.06873,-0.08757,-0.04018,0.224786,0.364812,0.603305,0.097761,-0.12647,-0.0135,0.281309,-0.05277,0.013642,0.341186,0.057933,-0.08077,-0.00635,0.001262,0.33171
Interest-bearing debt interest rate,-0.023062809,0.048882068,0.050362273,0.045839205,0.01719827,0.017121,0.002784,0.004031,0.003824,0.001332,0.003654,-0.00601,0.000656,0.011986,1,0.01008,0.050347,0.050345,0.050159,0.059506,0.015297,-0.0039,0.018363,0.061431,-0.0033,0.001783,0.010106,0.010021,0.000499,-0.0187,0.013614,0.004281,0.000198,-0.00184,-0.0052,-0.00436,-0.00398,-0.05991,0.059911,0.002245,-0.00173,-0.00279,0.016198,0.054972,0.035486,0.008551,-0.00698,0.016496,0.007713,-0.03621,0.046759,-0.00259,-0.00459,0.024254,0.045141,0.025246,0.013544,0.014468,0.055143,-0.01106,-0.04139,0.01572,-0.00282,0.01124,0.025009,0.068273,-0.01888,0.00609,0.023919,-0.0002,-0.01034,-0.00976,-0.02682,0.000607,-0.01924,0.000173,-0.00184,0.025009,-0.01888,0.038229,-0.0126,-0.01134,0.011482,-0.00699,2.18E-05,0.033571,0.048735,-0.00752,0.003175,0.017198,0.01095,-0.00342,-0.0073,-0.00078,0.028945
Tax rate (A),-0.109705669,0.250760762,0.225896819,0.197344042,0.0679705,0.067708,0.019936,0.023003,0.021164,-0.00227,0.020407,0.060683,-0.0192,0.049835,0.01008,1,0.129891,0.130495,0.130665,0.169345,0.068363,-0.02131,0.197467,0.208763,0.001507,0.018784,0.047621,0.047701,0.016857,0.067886,-0.01138,0.009976,0.065329,-9.66E-06,-0.02488,0.034656,-0.0105,-0.00972,0.009724,-0.01295,-0.05318,-0.0125,0.197419,0.209898,0.027022,0.193636,-0.01997,-0.00044,-0.05077,-0.13521,0.11527,-0.01412,0.067826,0.005542,0.056103,0.119155,0.084386,-0.01176,-0.00985,-0.03527,0.03852,0.051844,-0.00883,0.017662,0.064182,0.041038,-0.01597,0.016004,0.212204,-0.00094,-0.08148,0.063944,0.046586,-0.00291,0.044051,0.004227,-0.01004,0.064182,-0.01597,-0.05443,0.030302,0.023895,0.103101,0.021563,-0.05358,-0.02842,0.23121,-0.02364,0.011488,0.067971,0.07792,-0.03,-0.01496,0.030275,-0.05315
Net Value Per Share (B),-0.165399021,0.50558032,0.531798801,0.50205155,0.144660555,0.142887,0.019257,0.033034,0.031369,0.019588,0.030839,0.090519,0.088822,0.158471,0.050347,0.129891,1,0.999342,0.999179,0.755568,0.346904,-0.00823,0.607623,0.726321,-0.01374,0.016049,0.056818,0.056518,0.043865,-0.01887,-0.03018,0.060968,0.090651,0.010462,-0.00291,-0.00817,0.008546,-0.24915,0.249146,0.052254,-0.12399,-0.02841,0.603024,0.706646,-0.0894,0.082026,-0.01865,-0.00245,-0.08068,-0.08097,-0.03283,-0.0178,0.26133,-0.00932,0.19862,0.115516,0.047254,0.185621,-0.01483,-0.03308,-0.19855,0.195965,-0.00568,-0.01554,0.044689,0.070112,-0.1021,0.011322,0.491365,0.023143,-0.23557,-0.01712,-0.04304,0.006438,-0.05478,0.009424,-0.00311,0.044689,-0.1021,-0.089,0.142925,0.07698,0.230814,0.072982,-0.16437,-0.09678,0.493776,-0.05997,0.014303,0.144662,0.148693,-0.11085,-0.02186,-0.00217,0.098434
Net Value Per Share (A),-0.165464759,0.505406681,0.53179025,0.50200049,0.145031385,0.143262,0.019218,0.033015,0.031347,0.019644,0.030835,0.091263,0.0875,0.15852,0.050345,0.130495,0.999342,1,0.999837,0.755409,0.346511,-0.00819,0.606954,0.725956,-0.01369,0.016014,0.056679,0.056375,0.043767,-0.01865,-0.03009,0.060835,0.090377,0.010446,-0.00287,-0.00809,0.008547,-0.24993,0.249925,0.052245,-0.12532,-0.02892,0.602367,0.7058,-0.08999,0.082674,-0.01967,-0.00241,-0.08025,-0.08177,-0.03244,-0.01774,0.261381,-0.00927,0.199598,0.115606,0.047816,0.185631,-0.01477,-0.03276,-0.19909,0.195903,-0.00559,-0.01554,0.044624,0.070331,-0.10254,0.011623,0.49276,0.023136,-0.23488,-0.01662,-0.04293,0.006426,-0.0538,0.009398,-0.00309,0.044624,-0.10254,-0.09073,0.14293,0.076917,0.230629,0.073,-0.16508,-0.09651,0.493803,-0.05978,0.014424,0.145032,0.148872,-0.1118,-0.02178,-0.00236,0.098721
Net Value Per Share (C),-0.164783924,0.505280849,0.531820776,0.501907193,0.145056611,0.143288,0.01924,0.033035,0.031367,0.019632,0.03084,0.091197,0.087063,0.158255,0.050159,0.130665,0.999179,0.999837,1,0.755217,0.346243,-0.00822,0.606895,0.725825,-0.01371,0.016022,0.056682,0.056378,0.043751,-0.01839,-0.0301,0.060802,0.090312,0.010429,-0.00201,-0.00806,0.008514,-0.24946,0.249463,0.052137,-0.12519,-0.02892,0.602277,0.705621,-0.08978,0.082434,-0.01972,-0.00245,-0.08005,-0.08175,-0.03245,-0.01776,0.261477,-0.00931,0.199475,0.11531,0.047968,0.1853,-0.01479,-0.03101,-0.19872,0.195621,-0.00558,-0.01565,0.044538,0.070383,-0.10243,0.011509,0.492734,0.023117,-0.23506,-0.01669,-0.04312,0.006431,-0.05393,0.009403,-0.00311,0.044538,-0.10243,-0.09067,0.143017,0.076871,0.230342,0.07308,-0.16501,-0.09653,0.493822,-0.05983,0.014335,0.145058,0.148906,-0.11168,-0.02167,-0.00233,0.09839
Persistent EPS in the Last Four Seasons,-0.219559681,0.775006201,0.764828009,0.764597049,0.256721841,0.254753,0.02042,0.033726,0.030768,0.018148,0.032051,0.080969,0.076486,0.197705,0.059506,0.169345,0.755568,0.755409,0.755217,1,0.455794,-0.00969,0.876769,0.955591,-0.00218,0.025088,0.08608,0.086083,0.023707,-0.03674,-0.0221,0.08014,0.165224,0.011286,-0.00424,6.69E-06,-0.01138,-0.17743,0.177429,0.052178,-0.14414,-0.05396,0.873641,0.959461,-0.03799,0.21471,-0.02,0.007838,-0.07146,-0.12946,0.066033,-0.01141,0.351589,-0.0094,0.253188,0.215097,0.176931,0.240956,-0.00674,-0.0344,-0.09769,0.248241,0.000283,0.031821,0.10731,0.121854,-0.09497,0.019496,0.492078,0.023013,-0.178,-0.00041,-0.02935,0.002192,-0.03426,0.007255,-0.00648,0.10731,-0.09497,-0.11438,0.222378,0.123403,0.333636,0.129661,-0.15469,-0.10552,0.691152,-0.03351,0.003791,0.256723,0.222961,-0.11411,-0.01883,0.008039,0.036722
Cash Flow Per Share,-0.07751646,0.379839496,0.326239068,0.366216448,0.163191598,0.163163,0.014244,0.017617,0.01614,0.000758,0.016343,0.007253,0.052162,0.353883,0.015297,0.068363,0.346904,0.346511,0.346243,0.455794,1,-0.00698,0.46074,0.439257,-0.10469,-0.00548,0.001412,0.000488,-0.00038,0.054534,-0.00938,-0.18742,0.650279,0.000581,-0.02514,0.003575,0.003779,-0.15812,0.158117,-0.03096,-0.0992,-0.00952,0.465102,0.445817,-0.12551,0.052539,-0.02062,-0.01024,-0.03736,0.013248,0.089648,-0.00827,0.062192,-0.01075,0.073991,0.098143,-0.03778,0.25361,-0.01381,-0.02261,-0.14772,0.415122,-0.00911,0.028555,0.006296,-0.0099,-0.04502,0.031188,0.225557,0.011126,-0.01392,0.042716,-0.02833,-0.00024,-0.05822,0.004107,-0.02399,0.006296,-0.04502,-0.03749,0.246791,0.12925,0.715003,0.199675,-0.0528,-0.0374,0.292252,-0.02359,0.002721,0.16319,0.07425,-0.0473,-0.0062,0.001358,0.052117
Revenue Per Share (Yuan ¥),-0.004692038,-0.015932449,-0.011829456,-0.014358551,0.117045171,0.117196,-0.04446,0.004931,0.005594,0.118316,0.051607,-0.01584,-0.01929,0.201679,-0.0039,-0.02131,-0.00823,-0.00819,-0.00822,-0.00969,-0.00698,1,-0.01482,-0.01166,0.000192,-0.00043,-0.05829,-0.05807,-0.0035,-0.01067,-0.00035,-0.00197,0.00072,-0.00031,-0.00088,-0.00071,0.029592,-0.01968,0.019679,0.128149,0.001181,0.004573,-0.01477,-0.01146,-0.00971,-0.03598,0.264346,-0.00099,-0.01173,-0.01046,-0.02083,0.275742,-0.02597,-0.00098,0.020298,-0.01414,0.000271,0.018125,-0.00054,-0.00187,-0.02636,0.127459,-0.00028,0.037494,-0.02798,0.001783,-0.00636,-0.00244,-0.00437,-0.00056,-0.01789,-0.01089,-0.01648,0.184916,-0.02162,0.037165,-0.00031,-0.02798,-0.00636,0.010574,0.015799,0.156966,-0.00223,0.00366,-0.00622,-0.00088,-0.00831,-0.00127,0.027256,0.117044,-0.0011,-0.00213,-0.00114,-5.31E-05,0.233203
Operating Profit Per Share (Yuan ¥),-0.142050582,0.687200784,0.654253185,0.659833786,0.267944309,0.267021,0.022397,0.026314,0.024137,-0.0016,0.024516,0.071799,0.068738,0.191974,0.018363,0.197467,0.607623,0.606954,0.606895,0.876769,0.46074,-0.01482,1,0.861813,-0.00253,0.027941,0.067502,0.067182,0.012131,-0.04133,-0.02264,0.076453,0.205792,-0.00101,0.00072,3.94E-06,-0.01388,-0.07806,0.078056,0.043273,-0.10713,-0.05663,0.998696,0.886157,0.020064,0.282591,-0.0195,0.002794,-0.04679,-0.11937,0.142435,-0.0099,0.367024,-0.00802,0.266177,0.266637,0.260501,0.236888,-0.00719,-0.02397,-0.0035,0.245701,-0.00372,0.037542,0.135996,0.126546,-0.05546,0.022299,0.415226,0.01566,-0.07074,0.00813,-0.00126,-0.00044,-0.01251,0.00512,-0.00673,0.135996,-0.05546,-0.09429,0.218511,0.118816,0.338206,0.126165,-0.14574,-0.04638,0.577846,-0.0323,0.001169,0.267946,0.183601,-0.0771,-0.01594,0.006331,-0.00932
Per Share Net profit before tax (Yuan ¥),-0.201394834,0.750563508,0.752578273,0.722940059,0.247789488,0.246004,0.020219,0.034046,0.030621,0.019279,0.030487,0.081428,0.066085,0.177008,0.061431,0.208763,0.726321,0.725956,0.725825,0.955591,0.439257,-0.01166,0.861813,1,-0.0005,0.029782,0.090223,0.090368,0.024448,-0.0553,-0.03763,0.120135,0.16816,0.009684,-0.00693,-0.00111,-0.00852,-0.1589,0.158897,0.047935,-0.14214,-0.04723,0.85831,0.962723,-0.03161,0.230325,-0.02005,0.004424,-0.07363,-0.13388,0.089929,-0.01415,0.325783,-0.00878,0.238435,0.219267,0.175784,0.222925,-0.00687,-0.03486,-0.07979,0.222474,-0.00264,0.033599,0.106568,0.114848,-0.08917,0.04707,0.473736,0.022244,-0.15695,0.009443,-0.02431,0.001388,-0.02983,0.006428,-0.00648,0.106568,-0.08917,-0.11048,0.224392,0.123983,0.3082,0.105591,-0.14872,-0.10499,0.671748,-0.02884,0.008267,0.247791,0.218389,-0.10773,-0.01788,0.008143,0.028185
Realized Sales Gross Profit Growth Rate,-0.000458384,0.000591067,0.003277138,0.002142249,0.014172027,0.014188,0.000831,0.001246,0.001226,0.000484,0.001207,-0.00817,-0.01115,-0.01707,-0.0033,0.001507,-0.01374,-0.01369,-0.01371,-0.00218,-0.10469,0.000192,-0.00253,-0.0005,1,0.002192,0.00647,0.006444,0.000747,-0.03512,-0.0007,0.005843,-0.04979,-0.00028,0.00322,-0.00026,-0.00059,0.011461,-0.01146,0.001248,-0.0049,-0.00148,-0.00252,-0.00267,0.018133,0.096856,-0.00063,-0.00094,-0.00785,-0.0057,0.061691,-0.00054,0.001962,-0.001,0.012096,0.015756,0.028146,-0.0056,-0.00049,-0.0018,0.021559,-0.02334,-0.00012,-0.00129,0.016519,0.008683,0.004456,-0.00178,-0.0089,-0.00031,0.050982,0.019388,0.003755,2.29E-05,-0.00913,-0.00018,-0.0003,0.016519,0.004456,-0.00426,-0.00418,0.002393,-0.04684,-0.00554,-0.00281,0.002142,0.003064,0.002692,-0.00076,0.014172,0.001952,0.001687,-0.00067,-0.00033,-0.0023
Operating Profit Growth Rate,-0.015167946,0.036510593,0.042207587,0.036144239,0.022866904,0.022778,0.004952,0.003909,0.002962,-0.0042,0.002643,0.013374,0.012166,0.003731,0.001783,0.018784,0.016049,0.016014,0.016022,0.025088,-0.00548,-0.00043,0.027941,0.029782,0.002192,1,0.639394,0.636793,0.100821,0.015553,-0.00453,0.32672,-0.00086,8.87E-05,0.000404,0.00609,5.15E-05,-0.0181,0.0181,0.001654,0.002009,-0.00271,0.02768,0.027997,0.005847,0.044088,-0.02568,-0.0014,0.002095,-0.00791,0.033,-0.00085,0.01548,0.000348,0.02415,0.012454,0.018826,0.008048,0.000145,-0.00242,-0.00672,0.003664,8.05E-05,0.001564,0.011871,-0.00346,0.005973,0.001546,0.02145,0.000806,-0.00417,0.011499,0.012411,-0.00597,0.014003,-0.00518,4.20E-05,0.011871,0.005973,-0.01255,0.00868,0.003389,0.002719,-0.02031,-0.02107,-0.04615,0.041046,6.30E-05,-0.00018,0.022866,-0.00757,0.000537,0.001247,0.004576,0.001725
After-tax Net Profit Growth Rate,-0.037782973,0.115082824,0.125384033,0.117130075,0.054638554,0.05447,0.011328,0.03515,0.031223,0.043179,0.016584,0.007176,0.019958,0.019071,0.010106,0.047621,0.056818,0.056679,0.056682,0.08608,0.001412,-0.05829,0.067502,0.090223,0.00647,0.639394,1,0.996186,0.113051,0.008039,-0.00366,0.223919,0.02063,0.000201,0.000796,0.006938,0.000535,-0.03024,0.03024,0.00324,-0.01219,-0.00456,0.06687,0.088074,-0.00567,0.059724,-0.01919,0.003642,-0.01304,-0.00539,0.035121,-0.12977,0.04626,0.000548,0.031928,0.028478,0.01509,0.020819,0.000469,-0.00547,-0.02194,0.015927,0.001996,-0.01932,-0.00093,0.004411,-0.00752,0.005114,0.064121,0.0026,-0.03149,0.005805,0.014418,0.000371,0.014097,0.000916,0.000381,-0.00093,-0.00752,-0.01849,0.027411,0.015736,0.014993,-0.00692,-0.0336,-0.05084,0.119596,0.001185,0.002108,0.054639,0.020203,-0.01169,0.00203,0.005373,0.001253
Regular Net Profit Growth Rate,-0.036819677,0.115039569,0.125871851,0.11704151,0.053429778,0.053259,0.011227,0.034914,0.030964,0.042951,0.016415,0.009511,0.020703,0.0183,0.010021,0.047701,0.056518,0.056375,0.056378,0.086083,0.000488,-0.05807,0.067182,0.090368,0.006444,0.636793,0.996186,1,0.112904,0.008911,-0.00365,0.223106,0.019473,0.000186,0.000783,0.006874,0.000524,-0.03051,0.030512,0.00339,-0.01211,-0.00427,0.066552,0.088255,-0.00583,0.060223,-0.0191,-0.00262,-0.01336,-0.0047,0.035224,-0.12891,0.046101,0.000535,0.031764,0.028959,0.01482,0.020039,0.000461,-0.00543,-0.02208,0.015185,0.001776,-0.01927,-0.00093,0.004243,-0.00752,0.004905,0.064422,0.002599,-0.03283,0.005591,0.014146,0.000198,0.013462,0.000756,0.000376,-0.00093,-0.00752,-0.01851,0.026884,0.015741,0.013393,-0.00732,-0.03339,-0.05064,0.11987,0.001166,0.002026,0.05343,0.020273,-0.0117,0.002014,0.005329,0.001383
Continuous Net Profit Growth Rate,-0.009400902,0.025233812,0.024887245,0.024414357,0.009121179,0.009117,0.001318,0.003013,0.002565,0.002855,0.001842,-0.00664,0.007842,0.003902,0.000499,0.016857,0.043865,0.043767,0.043751,0.023707,-0.00038,-0.0035,0.012131,0.024448,0.000747,0.100821,0.113051,0.112904,1,0.010175,-0.00027,0.036198,-0.00375,-6.00E-05,-0.00012,0.001145,-0.00015,-0.02521,0.025205,0.000964,-0.00772,-0.00158,0.012002,0.025103,-0.00637,-0.00022,-0.00299,-0.00072,-0.01295,-0.00373,-0.00192,-0.00725,0.0059,-0.0002,0.004795,-0.00335,-0.00794,-0.00162,-8.14E-05,-0.00115,-0.01688,0.003403,0.060758,-0.00152,0.003392,0.001327,-0.00618,-0.00051,0.011965,0.000653,-0.01301,-0.00207,-0.00718,-0.00038,-0.00651,-0.00018,-4.27E-05,0.003392,-0.00618,-0.0085,-0.00021,0.00012,-0.00126,-0.00083,-0.00917,-0.00206,0.024257,-0.00031,0.002108,0.009122,0.006638,-0.00743,1.40E-05,0.001086,0.014498
Total Asset Growth Rate,-0.044431021,0.019635082,0.026976682,0.022104093,0.01601279,0.016583,0.034465,0.037633,0.037066,-0.00822,0.034962,0.014168,0.023189,0.055389,-0.0187,0.067886,-0.01887,-0.01865,-0.01839,-0.03674,0.054534,-0.01067,-0.04133,-0.0553,-0.03512,0.015553,0.008039,0.008911,0.010175,1,-0.00869,-0.03714,0.06371,0.006779,-0.01345,0.007325,-0.01247,-0.04919,0.049191,-0.03393,-0.01935,-0.00114,-0.03898,-0.02856,-0.0452,-0.07239,-0.03087,-0.03561,0.030277,0.009155,-0.08499,-0.01742,0.003777,-0.01075,-0.02589,-0.06839,-0.07765,-0.06408,-0.00253,0.006808,-0.06931,0.064132,0.010147,-0.01116,-0.04413,-0.01387,-0.03628,0.016918,0.099163,-0.02022,-0.07962,0.000739,0.03234,0.004511,0.064419,0.004524,0.00657,-0.04413,-0.03628,-0.01385,-0.10464,-0.06455,0.100864,-0.04839,-0.0277,-0.02777,0.080031,-0.03891,-0.01317,0.016014,0.032565,-0.03305,0.00552,0.001723,-0.01596
Net Value Growth Rate,0.065329424,-0.021930224,-0.06397041,-0.026126724,-0.017448008,-0.01745,-0.00021,-0.001,-0.00086,-0.0015,-0.00035,-0.00846,-0.0103,-0.00742,0.013614,-0.01138,-0.03018,-0.03009,-0.0301,-0.0221,-0.00938,-0.00035,-0.02264,-0.03763,-0.0007,-0.00453,-0.00366,-0.00365,-0.00027,-0.00869,1,-0.00465,-0.01342,-0.00017,-0.00047,-0.00065,-0.00036,0.056508,-0.05651,-0.00191,-0.07794,-0.00158,-0.0227,-0.03836,-0.01211,-0.00653,-0.00063,-0.00053,-0.00901,0.036004,0.063203,-0.00023,-0.0125,-0.00052,-0.04467,-0.01919,-0.02568,-0.01048,0.075915,-0.001,0.024605,-0.00697,-0.00055,-0.00132,-0.01613,0.063047,-0.05528,-0.0013,-0.04742,-0.00071,0.0426,0.008879,0.006129,-0.00037,-0.00208,3.93E-05,-0.00017,-0.01613,-0.05528,-0.0714,-0.00824,-0.00194,-0.01842,0.013669,0.11759,0.400342,-0.07241,-0.00068,-0.01008,-0.01745,0.068054,-0.06865,-0.0007,-0.00045,-0.01069
Total Asset Return Growth Rate Ratio,-0.016857679,0.079905674,0.081981689,0.079972127,0.026544637,0.026463,0.003677,0.005004,0.004379,0.001115,0.004203,-0.00386,0.029752,-0.00278,0.004281,0.009976,0.060968,0.060835,0.060802,0.08014,-0.18742,-0.00197,0.076453,0.120135,0.005843,0.32672,0.223919,0.223106,0.036198,-0.03714,-0.00465,1,-0.03208,-0.00074,-0.00014,0.001643,-0.00079,-0.0011,0.0011,0.002237,-0.00972,-0.00401,0.052078,0.062054,0.007472,0.041372,-0.01129,-0.00148,0.013148,-0.01127,0.027419,-0.00349,0.022437,-0.00157,0.026427,0.024787,0.038872,0.013891,0.000358,-0.00248,0.016977,-0.00335,0.000492,0.001824,0.027073,0.015315,-0.00141,0.00141,0.025056,0.000794,-0.01541,-0.00513,-0.00926,-0.00164,0.018438,-0.00061,-0.00021,0.027073,-0.00141,-0.01181,0.038569,0.019516,-0.023,0.022967,-0.00892,-0.00982,0.062183,0.006583,-0.00031,0.026544,0.019467,-0.0052,-0.00031,0.001498,-0.00245
Cash Reinvestment %,-0.051345204,0.29615824,0.263614592,0.292007935,0.122675716,0.122787,0.014955,0.017801,0.016692,-0.00061,0.0174,-0.00302,0.042269,0.34466,0.000198,0.065329,0.090651,0.090377,0.090312,0.165224,0.650279,0.00072,0.205792,0.16816,-0.04979,-0.00086,0.02063,0.019473,-0.00375,0.06371,-0.01342,-0.03208,1,-0.00427,-0.02236,0.011983,0.014103,-0.13428,0.134276,-0.04748,-0.18545,-0.00677,0.203603,0.158675,-0.1959,0.055909,-0.0186,-0.0128,-0.02151,0.015146,0.103647,-0.0036,-0.01483,-0.00539,0.056922,0.071882,-0.04756,0.167651,-0.02842,-0.01693,-0.13827,0.412683,-0.00548,0.020751,-0.01132,0.036706,-0.16759,0.023165,0.205944,0.004849,-0.06066,0.037312,-0.02229,0.003031,-0.04148,0.006674,-0.03496,-0.01132,-0.16759,-0.01892,0.247814,0.136652,0.738276,0.089089,-0.05297,0.118872,0.252716,-0.04189,0.008558,0.122675,0.162473,-0.13369,0.003717,0.005525,0.045546
Current Ratio,-0.00221128,0.013195567,0.014102372,0.012974731,0.024944641,0.024984,0.000833,0.003164,0.002685,0.004344,0.002887,-0.00746,-0.00909,0.002257,-0.00184,-9.66E-06,0.010462,0.010446,0.010429,0.011286,0.000581,-0.00031,-0.00101,0.009684,-0.00028,8.87E-05,0.000201,0.000186,-6.00E-05,0.006779,-0.00017,-0.00074,-0.00427,1,-0.00041,-0.00038,-0.00032,-0.01586,0.01586,0.000118,-0.00254,0.004485,-0.00099,0.010726,-0.00798,-0.01534,-0.00056,-0.00046,-0.00794,-0.00493,-0.00923,-0.00021,0.038839,-0.00046,-0.02012,-0.02399,-0.029,-0.01062,-0.00025,-0.00088,-0.01214,0.003547,-0.00049,-0.00116,0.004915,-0.00578,-0.00358,-0.00115,0.015432,0.003411,-0.01176,-0.00224,-0.00729,-0.00049,-0.00364,-0.0001,-0.00015,0.004915,-0.00358,-0.00243,-0.00664,-0.00537,0.001195,-0.00291,0.34763,-0.00042,0.014946,-0.0006,0.008178,0.024946,0.002489,-0.00374,-0.00057,-0.00015,0.010228
Quick Ratio,0.025058289,-0.026335874,-0.018411788,-0.024231693,0.001378958,0.001418,0.000323,-0.01738,-0.01537,-0.03578,-0.01686,0.017687,-0.0257,-0.01283,-0.0052,-0.02488,-0.00291,-0.00287,-0.00201,-0.00424,-0.02514,-0.00088,0.00072,-0.00693,0.00322,0.000404,0.000796,0.000783,-0.00012,-0.01345,-0.00047,-0.00014,-0.02236,-0.00041,1,0.003143,-0.0009,0.03341,-0.03341,0.001013,0.016767,-0.00122,0.000816,-0.00686,0.037141,-0.03777,-0.00157,0.016026,-0.01906,0.001797,-0.02002,-0.00058,0.074423,-0.00131,-0.00923,-0.06306,0.027031,-0.02979,-0.00072,0.151987,0.048153,-0.01393,0.008347,-0.00328,0.028012,0.003585,0.014777,-0.00325,-0.01189,-0.00031,-0.0183,-0.01451,0.007069,0.002905,-0.02213,2.47E-05,-0.00041,0.028012,0.014777,-0.00329,-0.00894,-0.00409,-0.02345,-0.00572,0.00642,-0.00117,-0.01778,-0.00169,-0.01493,0.001381,-0.00237,0.009645,-8.29E-05,0.001867,-0.01708
Interest Expense Ratio,-0.002680934,0.003987826,0.00543978,0.00518659,-0.00236569,-0.00251,0.001156,0.00163,0.001612,0.000465,0.001479,0.024446,-0.01357,0.000513,-0.00436,0.034656,-0.00817,-0.00809,-0.00806,6.69E-06,0.003575,-0.00071,3.94E-06,-0.00111,-0.00026,0.00609,0.006938,0.006874,0.001145,0.007325,-0.00065,0.001643,0.011983,-0.00038,0.003143,1,-0.0008,0.023196,-0.0232,-0.00722,0.007844,-7.44E-05,-2.81E-05,-0.00135,0.005507,-0.00262,-0.00131,0.001691,-0.01113,0.025936,0.006706,-0.00318,0.008881,-0.00295,-0.01446,-0.01662,-0.00959,-0.01743,0.001858,0.010633,0.006254,-0.00168,0.00415,-0.00132,-0.02201,-0.00286,0.004542,-0.00697,6.49E-05,-0.00043,-0.01347,0.030494,0.007865,-0.00024,0.002048,-3.77E-05,-0.0139,-0.02201,0.004542,0.008543,-0.01168,-0.00404,0.00888,-0.01127,0.014302,-0.00153,0.004969,-0.00059,-7.62E-05,-0.00237,0.003604,0.006926,0.016829,-0.03432,-0.01263
Total debt/Total net worth,0.012313586,-0.022207728,-0.010323254,-0.021160762,-0.022359665,-0.02235,-0.00151,-0.00196,-0.00138,-0.00028,7.51E-05,-0.01616,-0.01929,0.349639,-0.00398,-0.0105,0.008546,0.008547,0.008514,-0.01138,0.003779,0.029592,-0.01388,-0.00852,-0.00059,5.15E-05,0.000535,0.000524,-0.00015,-0.01247,-0.00036,-0.00079,0.014103,-0.00032,-0.0009,-0.0008,1,-0.05405,0.054049,0.030256,-0.00808,-0.00127,-0.01384,-0.00857,-0.0089,-0.02785,0.008627,-0.00101,-0.01344,0.016062,-0.01841,-0.00045,-0.02539,-0.001,0.051384,-0.00286,0.016898,0.019683,-0.00055,-0.00191,-0.04514,0.265843,-0.00057,-0.00251,-0.00678,0.008081,-0.00997,-0.00249,-0.00913,-0.00072,-0.01569,-0.01112,-0.01682,0.0153,-0.01656,0.004189,-0.00032,-0.00678,-0.00997,-0.00633,0.022285,0.149285,0.023123,0.006953,-0.02597,-0.0009,-0.00806,-0.0013,0.002556,-0.02236,-0.0007,-0.01004,-0.00126,-0.00043,0.338898
Debt ratio %,0.250160962,-0.261426644,-0.259971909,-0.264734445,-0.245460212,-0.24561,0.010397,-0.00391,-0.00617,-0.03321,-0.00119,0.143833,-0.04516,-0.28501,-0.05991,-0.00972,-0.24915,-0.24993,-0.24946,-0.17743,-0.15812,-0.01968,-0.07806,-0.1589,0.011461,-0.0181,-0.03024,-0.03051,-0.02521,-0.04919,0.056508,-0.0011,-0.13428,-0.01586,0.03341,0.023196,-0.05405,1,-1,-0.01052,0.329109,0.058862,-0.07725,-0.16411,0.417868,0.237458,0.029924,0.006062,-0.04363,-0.01026,0.43616,0.037412,0.007547,0.010321,-0.5288,-0.08423,0.109964,-0.35761,0.039455,0.082804,0.842583,-0.33343,0.002064,0.026934,-0.08232,-0.10501,0.343692,-0.00694,-0.23542,-0.02799,0.037513,0.12488,0.20337,-0.03172,0.138934,-0.0182,0.023418,-0.08232,0.343692,0.244974,-0.0665,-0.07698,-0.26816,-0.00318,0.42818,0.203155,-0.28142,0.041055,-0.05022,-0.24546,-0.12399,0.34925,0.017982,0.012571,-0.62588
Net worth/Assets,-0.250160962,0.261426644,0.259971909,0.264734445,0.245460212,0.245606,-0.0104,0.003906,0.006174,0.033214,0.001192,-0.14383,0.045162,0.28501,0.059911,0.009724,0.249146,0.249925,0.249463,0.177429,0.158117,0.019679,0.078056,0.158897,-0.01146,0.0181,0.03024,0.030512,0.025205,0.049191,-0.05651,0.0011,0.134276,0.01586,-0.03341,-0.0232,0.054049,-1,1,0.010523,-0.32911,-0.05886,0.07725,0.16411,-0.41787,-0.23746,-0.02992,-0.00606,0.043629,0.010258,-0.43616,-0.03741,-0.00755,-0.01032,0.528797,0.084232,-0.10996,0.357605,-0.03945,-0.0828,-0.84258,0.333429,-0.00206,-0.02693,0.082322,0.105008,-0.34369,0.006936,0.235423,0.027995,-0.03751,-0.12488,-0.20337,0.031715,-0.13893,0.018201,-0.02342,0.082322,-0.34369,-0.24497,0.066502,0.076983,0.268159,0.003178,-0.42818,-0.20315,0.281422,-0.04105,0.050218,0.245461,0.123986,-0.34925,-0.01798,-0.01257,0.625879
Long-term fund suitability ratio (A),0.016919905,0.002967379,0.020707081,0.003868556,0.006019596,0.006189,-0.00083,-0.00191,-0.00123,-0.00181,-0.00019,0.00899,-0.04701,0.038308,0.002245,-0.01295,0.052254,0.052245,0.052137,0.052178,-0.03096,0.128149,0.043273,0.047935,0.001248,0.001654,0.00324,0.00339,0.000964,-0.03393,-0.00191,0.002237,-0.04748,0.000118,0.001013,-0.00722,0.030256,-0.01052,0.010523,1,-0.00068,0.001385,0.043298,0.049832,0.048349,0.045883,0.007167,0.023772,-0.04027,-0.04863,0.023839,-0.00233,0.17872,0.342925,0.077891,0.040821,0.104518,0.052845,-0.00174,0.013864,0.036649,0.026117,0.000936,0.000367,0.074428,0.031667,0.013201,-0.00399,0.010451,0.052586,-0.01844,0.015572,-0.00165,0.031637,-0.01401,0.008499,0.393705,0.074428,0.013201,-0.02172,0.027432,0.052517,-0.03176,0.011582,-0.02161,-0.00583,0.016566,-0.00359,0.003389,0.00602,0.008679,0.001791,-0.00432,-0.00034,0.104344
Borrowing dependency,0.176542936,-0.161671478,-0.16186813,-0.158618347,-0.085732865,-0.0856,0.001092,-0.00465,-0.00439,-0.01204,-0.00289,0.023977,-0.04553,-0.07876,-0.00173,-0.05318,-0.12399,-0.12532,-0.12519,-0.14414,-0.0992,0.001181,-0.10713,-0.14214,-0.0049,0.002009,-0.01219,-0.01211,-0.00772,-0.01935,-0.07794,-0.00972,-0.18545,-0.00254,0.016767,0.007844,-0.00808,0.329109,-0.32911,-0.00068,1,0.451737,-0.10472,-0.13492,0.700139,-0.00644,0.034113,0.003798,0.010203,0.025232,0.177337,0.029949,-0.00938,-0.00464,-0.19255,-0.09557,-0.01777,-0.12642,-0.06793,0.041094,0.229825,-0.09325,0.003151,0.007702,-0.07559,-0.53571,0.892772,-0.00755,-0.11791,-0.00702,0.022642,0.028854,0.063473,-0.00441,0.004608,-0.00048,0.015588,-0.07559,0.892772,0.806889,-0.02645,-0.02218,-0.11762,-0.19354,0.124908,-0.2597,-0.17778,0.011083,-0.00418,-0.08573,-0.80648,0.955857,0.00726,0.001776,-0.14601
Contingent liabilities/Net worth,0.070454525,-0.035729115,-0.036183212,-0.034177374,-0.022257878,-0.02224,0.000247,0.002222,0.002117,0.003873,0.002166,0.010618,-0.01245,-0.00977,-0.00279,-0.0125,-0.02841,-0.02892,-0.02892,-0.05396,-0.00952,0.004573,-0.05663,-0.04723,-0.00148,-0.00271,-0.00456,-0.00427,-0.00158,-0.00114,-0.00158,-0.00401,-0.00677,0.004485,-0.00122,-7.44E-05,-0.00127,0.058862,-0.05886,0.001385,0.451737,1,-0.05684,-0.04942,0.0772,0.020659,0.048691,-0.00037,-0.01486,-0.00606,0.092726,-0.00084,-0.02413,0.005206,-0.06588,-0.01581,-0.02812,-0.01925,-0.00094,0.011087,0.049283,-0.011,-0.00114,-0.00078,-0.00468,-0.76778,0.622905,-0.00151,-0.02173,-0.0002,-0.0074,0.001941,0.000955,0.001101,-0.00035,0.000541,-0.0006,-0.00468,0.622905,0.462858,-0.01353,-0.00479,-0.01193,-0.29583,0.084231,-0.00557,-0.03782,-0.00245,0.001531,-0.02226,-0.35262,0.621808,-0.00106,-0.00062,-0.01826
